Strategy,MinProcessingTime,MaxProcessingTime,AvgProcessingTime,MinStartUpTime,MaxStartUpTime,AvgStartUpTime,MinNextResponseTime,MaxNextResponseTime,AvgNextResponseTime,MinBatchProcessingTime,MaxBatchProcessingTime,AvgBatchProcessingTime,MinBatchSize,MaxBatchSize,AvgBatchSize,minSequenceLength,maxSequenceLength,AvgSequenceLength,MinWaitTime,MaxWaitTime,AvgWaitTime,TotalSentQueries,TotalBatches,TotalExecutionTime
fixed_p1_d0%0,314358,2291518,627698,80789615,222444360,100692370,118945998,25736801022,9955419685,214685,51391876887,19259850332,1,4,1,1,6,3,0,0,0,118,61,1175189804080
fixed_p1_d0%0,343711,2614014,614479,83014540,155855542,99421714,84744929,22924250634,10047593120,377325,53022659009,19438013749,1,4,1,1,6,3,0,0,0,118,61,1186006339599
fixed_p1_d0%0,361493,2289042,609791,81820273,255245616,104861789,66181732,24529882890,10151601673,329697,57796682698,19639229162,1,4,1,1,6,3,0,0,0,118,61,1198314020016
fixed_p1_d100%150,105285011,804053611,449552430,85315566,183995683,100459717,205539410,23759741777,9838852033,471138,52055723480,19034106304,1,4,1,1,6,3,103,803,448,118,61,1161352801597
fixed_p1_d100%150,111106422,813010466,451732067,81869583,147853129,99956298,199699512,30476605526,10394731997,530038,61193364356,20109895173,1,4,1,1,6,3,110,812,450,118,61,1226993921127
fixed_p1_d100%150,114002341,793090397,450480147,80454688,10120593234,393106416,119566953,28329094680,10378247662,421401,54883904801,20078377416,1,4,1,1,6,3,113,792,449,118,61,1225093794501
fixed_p1_d3000%5000,3866200435,27574785779,14442103330,87550985,175122845,103847981,855831583,51079358548,29182947459,492632,144346297399,56453643211,1,4,1,1,6,3,3865,27573,14440,118,61,3444022420767
fixed_p1_d3000%5000,3475059311,26534291805,14430538485,86952921,186289831,106025787,1863943828,52273522597,28777803730,509246,140432232488,55670242645,1,4,1,1,6,3,3474,26533,14429,118,61,3396227979547
fixed_p1_d500%1000,917689156,4925448809,2680322180,87694659,158379421,107674898,17201345,26707917167,11304964258,513864,61107164397,21870297901,1,4,1,1,6,3,914,4924,2679,118,61,1334413733264
fixed_p1_d500%1000,648325373,5216215587,2734242367,87646437,214976242,111972992,87842928,28564046251,11655403332,477172,61823954621,22548060792,1,4,1,1,6,3,647,5214,2732,118,61,1375747156925
fixed_p1_d5000%10000,5120183022,51398226722,26966431097,85917059,160218571,105194578,3319179122,1829894495399,56396425336,494623,1950212899466,109096140706,1,4,1,1,6,3,5119,51396,26965,118,61,6655205257601
fixed_p1_d5000%10000,8355893710,50557123029,26875361459,90590270,151602670,106885037,8439920637,1834591911305,56432944713,465839,1927561415364,109166875315,1,4,1,1,6,3,8355,50556,26873,118,61,6659534369960
fixed_p16_d0%0,340372,1854978,627244,84516745,332655320,119480905,1456511,14879643706,1460626736,470663,20648335788,2827044138,1,4,1,1,6,3,0,0,0,118,61,172797740245
fixed_p16_d0%0,292160,1755375,599340,83011749,251251098,112057454,865623,9541364737,1393449130,308379,14768403605,2696665083,1,4,1,1,6,3,0,0,0,118,61,164802740579
fixed_p16_d0%0,302603,1439745,581419,87106774,257206283,116961194,869817,10283345026,1173321553,464972,16059784066,2280040784,1,4,1,1,6,3,0,0,0,118,61,139372196140
fixed_p16_d0%0,329410,6955923,793636,83024535,315651993,123218145,1005511,23145546596,1522311701,336316,28609063364,2946578064,1,4,1,1,6,3,0,0,0,118,61,180066345746
fixed_p16_d100%150,110038992,809646203,452373674,84603095,324907545,113609862,1253996,9166454311,1221735763,430371,14962323493,2364980350,1,4,1,1,6,3,109,809,451,118,61,144618730307
fixed_p16_d100%150,109976933,826026473,448228875,87145273,404907397,124207616,1087784,16115949493,1349835236,493041,21549150062,2612966509,1,4,1,1,6,3,109,825,447,118,61,159765937772
fixed_p16_d100%150,115979765,826358734,451681746,82452265,394194500,125013951,1263549,10245859732,1312635762,507429,15187057465,2541814835,1,4,1,1,6,3,115,825,450,118,61,155398730989
fixed_p16_d3000%5000,3059186615,24194276293,14267289332,88639964,321886051,116148625,53960823,24205300292,6654247487,288539,24207081261,12874120555,1,4,1,1,6,3,3058,24193,14265,118,61,785691128924
fixed_p16_d3000%5000,3080423600,25333153857,14550019238,90926921,287475813,116663584,19992144,24306366419,6747283786,379112,25347549777,13054185064,1,4,1,1,6,3,3079,25332,14548,118,61,796628691860
fixed_p16_d3000%5000,3188196410,26051072146,14523358298,86588155,1132930734,130570375,3638135,26057321702,6759741813,391575,26064056700,13078287317,1,4,1,1,6,3,3187,26050,14521,118,61,798101238716
fixed_p16_d500%1000,650212988,5198019555,2736056895,87387376,341344100,126131211,2021179,19548470038,2068463200,506374,27833043687,4003417711,1,4,1,1,6,3,649,5197,2734,118,61,244673446686
fixed_p16_d500%1000,629103053,4701023732,2636265057,87826616,345790706,123142449,13088978,10658703834,1669016955,381063,17984392166,3230454318,1,4,1,1,6,3,628,4700,2634,118,61,197535473723
fixed_p16_d5000%10000,5698335239,47810803260,26854126501,84928985,195522272,108245999,4299385,46795987121,12557594443,358571,47821494823,24293143411,1,4,1,1,6,3,5697,47810,26852,118,61,1482186339578
fixed_p16_d5000%10000,6176087771,50966028066,27011581402,77666976,343734670,106800432,26173452,49189479208,12519541746,340371,50975609622,24219711109,1,4,1,1,6,3,6175,50965,27010,118,61,1477705879783
fixed_p16_d5000%10000,6738637484,51934115601,27129408587,84306792,234817819,110179136,10247099,45454501049,12642556514,509278,51943828776,24457773657,1,4,1,1,6,3,6737,51933,27127,118,61,1492250855313
fixed_p16_d5000%10000,5745188336,52260163045,27157850428,88772341,319809174,113503147,25382100,52270527261,12736161512,479404,52271498844,24638956002,1,4,1,1,6,3,5744,52259,27156,118,61,1503300474588
fixed_p2_d0%0,331479,1792623,639524,80982963,179383491,99875419,3877326,16864783277,5230434592,364197,27855708241,10119229753,1,4,1,1,6,3,0,0,0,118,61,617657794368
fixed_p2_d0%0,339572,3103821,694049,82204434,165486127,104651054,21118120,19373304726,5024125816,385867,26051593619,9720113466,1,4,1,1,6,3,0,0,0,118,61,593230611949
fixed_p2_d0%0,365149,1851553,678132,86918127,155030813,106938882,2418436,19334509883,5122844763,354445,29949406617,9911287131,1,4,1,1,6,3,0,0,0,118,61,604878054372
fixed_p2_d0%0,340100,9307499,746234,86226608,155959363,107419414,1527762,22073429340,5140252610,399008,27041820071,9945211247,1,4,1,1,6,3,0,0,0,118,61,606939489723
fixed_p2_d100%150,104419027,774236551,449880666,79775931,598615923,106706698,15597115,19147330187,5088717470,391460,28369466667,9845123936,1,4,1,1,6,3,103,773,448,118,61,600843236690
fixed_p2_d100%150,108805205,771089848,451601134,80393116,166876067,96779233,23387122,21178578637,5332520743,420671,29205103761,10316658480,1,4,1,1,6,3,108,770,450,118,61,629615710169
fixed_p2_d100%150,105164279,809545996,449698010,82586398,227525378,103107147,15371006,19186279365,5302677204,461650,28917775764,10259227875,1,4,1,1,6,3,104,808,448,118,61,626113239736
fixed_p2_d3000%5000,3307848786,26129268063,14120488884,87406003,178846422,105279794,6160493,42279260357,15171962922,260936,92975289860,29350690225,1,4,1,1,6,3,3307,26128,14119,118,61,1790715547246
fixed_p2_d500%1000,618142637,5172989749,2699385453,85173980,173376900,107495799,1476421,23171542010,6273057087,579635,35014456231,12136335713,1,4,1,1,6,3,617,5172,2698,118,61,740659706655
fixed_p2_d500%1000,544467322,4857067806,2707025287,89345999,184852823,109451751,73304962,21338150256,6250757561,443906,32398456894,12093132872,1,4,1,1,6,3,543,4856,2705,118,61,737997048882
fixed_p2_d5000%10000,5133535436,50542890661,26454502875,83514377,172703643,105625631,187530480,51627259840,22607657883,430735,131289975224,43734357485,1,4,1,1,6,3,5132,50542,26453,118,61,2668215974152
fixed_p2_d5000%10000,7054383349,50592059050,26878466507,88469720,193506146,107950840,221839458,51587422984,22652182148,672996,110701200847,43820919075,1,4,1,1,6,3,7053,50591,26877,118,61,2673413053272
fixed_p32_d0%0,292103,7787148,803323,86971410,577550602,138267370,895840,18588890200,791640295,437420,23623222700,1533793872,1,4,1,1,6,3,0,0,0,118,61,93858950568
fixed_p32_d0%0,328949,6489634,735397,86206536,371067447,147145859,899781,8293385113,666505750,340319,14323797749,1290950704,1,4,1,1,6,3,0,0,0,118,61,79055287276
fixed_p32_d100%150,104140591,786621093,449730653,89531429,261124895,131188777,1156084,11909752888,991378808,549842,17336735409,1920324273,1,4,1,1,6,3,103,785,448,118,61,117454289767
fixed_p32_d3000%5000,3432907825,25041959791,14354323531,88839146,332043877,122897291,1445266,25050974368,6697446893,594373,25053031943,12957306390,1,4,1,1,6,3,3432,25041,14352,118,61,790723522754
fixed_p32_d3000%5000,3606214800,26167207407,14483934381,88153019,227806710,116541831,25864856,26174262556,6755462855,374201,26180613832,13069595192,1,4,1,1,6,3,3604,26166,14482,118,61,797561169255
fixed_p32_d3000%5000,3440405245,26500132775,14521110138,88923554,164674289,114726731,23766211,24367679767,6749596246,403111,26511897630,13058346248,1,4,1,1,6,3,3439,26499,14519,118,61,796908194733
fixed_p32_d500%1000,547186055,4821302113,2706862219,85865927,336409840,128723635,1834779,9360533146,1499642518,494027,19112129806,2903621403,1,4,1,1,6,3,546,4820,2705,118,61,177498075315
fixed_p32_d500%1000,533798416,5029182840,2678772131,81795437,268290287,125822070,1933957,8132378562,1419995235,345729,13214429884,2750678981,1,4,1,1,6,3,533,5028,2677,118,61,168111354335
fixed_p32_d500%1000,629264087,5143187675,2709439131,89064309,432107875,123804878,1339794,8456919759,1488400187,349125,12274733354,2880857620,1,4,1,1,6,3,628,5139,2707,118,61,176072599070
fixed_p32_d5000%10000,6060358467,50416122599,26873113765,87153259,176169617,113304903,4205183,50428186839,12652982959,450304,50429170858,24477742256,1,4,1,1,6,3,6059,50415,26871,118,61,1493483269787
fixed_p32_d5000%10000,6392040085,49726960876,27142846959,88011516,248428661,117579453,9518810,49415173278,12750982789,381698,49738108451,24667734937,1,4,1,1,6,3,6391,49726,27141,118,61,1505056723922
fixed_p32_d5000%10000,5111796248,47833098469,26438761116,84518246,464212788,115146627,59448730,47843952462,12343321374,370243,47847571307,23878782561,1,4,1,1,6,3,5111,47832,26437,118,61,1456967284621
fixed_p4_d0%0,334366,2093052,653202,82316667,147058354,102367854,1441268,13460683647,2819104386,494751,21706554623,5454834561,1,4,1,1,6,3,0,0,0,118,61,333107916915
fixed_p4_d0%0,346490,2017720,615270,83593977,345598000,108052434,1357513,12940090995,3251433806,503909,26991607857,6290937613,1,4,1,1,6,3,0,0,0,118,61,384033759747
fixed_p4_d0%0,350848,2163728,616502,80989586,329265269,109055943,1007525,14763293606,3051527417,377045,28719857995,5904593758,1,4,1,1,6,3,0,0,0,118,61,360461578574
fixed_p4_d0%0,334002,1813297,600837,79993138,286210691,105036817,1062895,17459733797,3128477729,398036,22483797802,6053086119,1,4,1,1,6,3,0,0,0,118,61,369532424392
fixed_p4_d100%150,126237332,769010799,451754295,84064112,304059311,108345264,1391220,13875862030,2934021296,401609,20233865049,5678993028,1,4,1,1,6,3,125,768,450,118,61,346709513661
fixed_p4_d100%150,109041264,801108291,445231489,81951725,288229300,104895699,1274194,20125911896,2872518607,583006,25477801375,5559405128,1,4,1,1,6,3,108,800,444,118,61,339447691303
fixed_p4_d100%150,122377396,833238462,449835549,82453416,226328130,108808687,1397734,19492396541,3073747803,359218,24782411659,5948410055,1,4,1,1,6,3,121,832,448,118,61,363129196090
fixed_p4_d3000%5000,3393433308,25458860507,14303830435,85155038,269877454,110490185,24024099,29385390530,9527884503,392704,49214573469,18432900351,1,4,1,1,6,3,3392,25458,14302,118,61,1124729447324
fixed_p4_d500%1000,514783683,5234239575,2669944749,79560779,431394904,111327455,1123036,25166956647,4209472874,338492,28313950818,8145073971,1,4,1,1,6,3,513,5233,2668,118,61,497305547178
fixed_p4_d500%1000,639146070,4917207763,2684302038,83939408,296248531,113067140,19960183,19720272466,3477798642,511087,21925850292,6729124135,1,4,1,1,6,3,638,4916,2682,118,61,410776656861
fixed_p4_d5000%10000,5610126668,53964698909,26959807654,87050128,343649768,109703780,66757572,55589981639,15014915494,432812,68688097243,29046786608,1,4,1,1,6,3,5608,53964,26958,118,61,1772179582724
fixed_p4_d5000%10000,6159222829,48658123908,26832044534,88727477,236042034,109120359,1564287,48669006099,15067835505,496053,61905924990,29149390204,1,4,1,1,6,3,6156,48657,26830,118,61,1778446872489
fixed_p64_d0%0,313929,2044848,553096,85511846,323937600,139794244,741603,9107771452,296639701,330846,14134428072,576353328,1,4,1,1,6,3,0,0,0,118,61,35446525042
fixed_p64_d0%0,294086,3892376,615716,88371689,340355944,139219579,793789,15935438449,263317077,351247,20951713091,510464372,1,4,1,1,6,3,0,0,0,118,61,31393963538
fixed_p64_d100%150,117379686,813632142,453470464,89933001,332524658,132781160,993307,5294872244,415082086,386315,10677052712,804545761,1,4,1,1,6,3,116,812,452,118,61,49396380337
fixed_p64_d100%150,121872938,808910537,453236491,92063289,401532817,143248553,1387844,10754820118,362644925,509107,11425511483,703824093,1,4,1,1,6,3,121,808,451,118,61,43325027260
fixed_p64_d100%150,107696420,791612254,452008948,87740649,246060533,129071675,1030023,5576908432,402136616,498132,11761038747,779415529,1,4,1,1,6,3,106,790,450,118,61,47950422866
fixed_p64_d3000%5000,3650721342,26977926322,14488382860,92456141,260259080,120310742,1707542,26991332918,6756639734,533967,26992299353,13071909870,1,4,1,1,6,3,3650,26977,14486,118,61,797679755371
fixed_p64_d500%1000,538345653,5451205560,2705600363,87013490,326228828,124024140,1582880,4850114128,1279509117,409179,5461625044,2477220764,1,4,1,1,6,3,537,5450,2703,118,61,151557641064
fixed_p64_d5000%10000,6252734831,49824222196,26908789818,89911783,3169564805,192464679,19082316,49837821894,12488137219,488621,49839413286,24159169520,1,4,1,1,6,3,6252,49823,26907,118,61,1474019970791
fixed_p64_d5000%10000,5725337025,49024766616,27149664590,89429494,217350463,117512339,32149192,48213643409,12716656740,446256,49036025987,24601589367,1,4,1,1,6,3,5724,49023,27148,118,61,1500963490985
fixed_p8_d0%0,339948,2279034,643799,85331822,347282859,116023330,864073,10881172173,1808032331,335944,17189512310,3499948895,1,4,1,1,6,3,0,0,0,118,61,213992489730
fixed_p8_d0%0,295024,1863871,673786,83925322,310477602,110740321,933872,13590302544,1730858481,361222,23166464684,3349781508,1,4,1,1,6,3,0,0,0,118,61,204645672758
fixed_p8_d0%0,332084,1640401,661941,85019502,405080272,114031854,855974,17009904789,1963327344,300093,22835803044,3800418172,1,4,1,1,6,3,0,0,0,118,61,232184581883
fixed_p8_d0%0,330509,7284063,681414,83417899,219649962,113201499,867651,10284077651,1904822717,502798,15790796787,3686336043,1,4,1,1,6,3,0,0,0,118,61,225163911392
fixed_p8_d100%150,118178891,794994077,454385890,86483286,325766330,113985551,1379518,9530666184,1847437861,416998,14668152560,3575051374,1,4,1,1,6,3,117,794,453,118,61,218438103332
fixed_p8_d100%150,114783281,839075710,451976700,83025233,225811017,111674256,972876,13892014718,1906008758,297123,20549635092,3689802670,1,4,1,1,6,3,114,838,450,118,61,225396184929
fixed_p8_d100%150,124351216,793168560,450212129,85303739,320373155,109274651,1856553,21263995475,2125511634,407802,30339988706,4113227452,1,4,1,1,6,3,123,792,449,118,61,251201019480
fixed_p8_d3000%5000,3105345992,26783122118,14158193257,90449926,306438507,114894012,37951664,26794903716,7175871500,533418,26796050402,13883126641,1,4,1,1,6,3,3104,26782,14156,118,61,847271068245
fixed_p8_d3000%5000,3959588594,26742101516,14395184925,85892044,255822843,111993145,39484811,24845242039,7178121638,526404,27230422690,13887330931,1,4,1,1,6,3,3954,26741,14393,118,61,847504670809
fixed_p8_d3000%5000,3338926331,26783172867,14607252102,83686306,269684065,112338826,84161147,24686958210,7081569316,471414,26794120626,13701118073,1,4,1,1,6,3,3338,26781,14605,118,61,836091441839
fixed_p8_d500%1000,528239156,5344440500,2719675452,92520687,197282441,114819247,7885287,18628197126,2286898478,367582,19518531588,4425690125,1,4,1,1,6,3,527,5343,2718,118,61,270281659254
fixed_p8_d500%1000,520118779,4882453118,2721606232,85864143,361405619,120850827,2088685,20185436834,2326055693,516018,22445343731,4501925672,1,4,1,1,6,3,519,4881,2720,118,61,275235365499
fixed_p8_d5000%10000,5534817731,48063034996,26571432304,82927532,304032084,106938161,37286542,43993887745,12676878246,313020,48072451039,24524031693,1,4,1,1,6,3,5534,48062,26570,118,61,1496298830785
fixed_p8_d5000%10000,8204156577,51196134344,26444431744,82216105,340766965,106842737,21503827,49253518428,12438276075,428858,51208865445,24062372957,1,4,1,1,6,3,8203,51195,26443,118,61,1468101785042
fixed_p8_d5000%10000,5160066664,49347978294,27366714381,86099389,864728448,117996453,5200339,48485247129,13020458151,567392,49359824633,25188911915,1,4,1,1,6,3,5159,49347,27365,118,61,1536869476226
fixed_p8_d5000%10000,7118303292,49978621286,27050513161,87452828,371147529,116894450,36328795,49989604276,12860604641,684394,49992845038,24880302918,1,4,1,1,6,3,7117,49977,27049,118,61,1518040982382
keda_p0_hpa15_d0%0,333524,2345689,652762,84658128,280955077,106143057,1969901,20559153873,3225188448,404236,35168508109,6240473498,1,4,1,1,6,3,0,0,0,118,61,381000253741
keda_p0_hpa15_d0%0,334279,1848674,629764,78885596,181636749,102163394,1043437,12409772683,2963806893,311994,17775268480,5734895803,1,4,1,1,6,3,0,0,0,118,61,350118645477
keda_p0_hpa15_d0%0,361313,2225717,718612,89380552,205530109,109559809,1313389,9241953638,2956982948,478132,20314694265,5721626416,1,4,1,1,6,3,0,0,0,118,61,349367387467
keda_p0_hpa15_d0%0,378784,3316852,727676,90881984,166684345,112207913,1070734,11826572375,2956827712,382612,19921316103,5721158227,1,4,1,1,6,3,0,0,0,118,61,349334763323
keda_p0_hpa15_d100%150,105076067,819827222,448702336,86383454,173700309,113248425,23773045,9823638328,3105374039,424705,18474934927,6008689731,1,4,1,1,6,3,104,819,447,118,61,366838298276
keda_p0_hpa15_d100%150,102891836,779569819,452159951,89243068,2131425380,127622016,10064095,10777386898,3208045890,390035,20570320068,6207441243,1,4,1,1,6,3,102,778,450,118,61,378972063200
keda_p0_hpa15_d3000%5000,4302110144,27369135461,14336015324,86753674,136400239,105830485,201529490,31666661118,12517494316,512479,69386081323,24215765692,1,4,1,1,6,3,4301,27368,14334,118,61,1477512833633
keda_p0_hpa15_d500%1000,510835213,5270300613,2688986288,82503043,156500766,105341623,13011928,117088174100,5679621096,417673,129267892109,10989408287,1,4,1,1,6,3,510,5269,2687,118,61,670652480256
keda_p0_hpa15_d500%1000,621107749,5083017511,2726407338,90978913,186539164,110216768,3198643,11780713418,3503134512,488838,18603889889,6777991163,1,4,1,1,6,3,620,5082,2725,118,61,413797403600
keda_p0_hpa15_d5000%10000,5451676114,50303420288,27322890215,85203500,195011010,107762251,46518880,69239738549,20111653923,444002,108500413929,38906143893,1,4,1,1,6,3,5450,50302,27321,118,61,2373603941137
keda_p0_hpa15_d5000%10000,6059680552,50986532219,27254064922,89889084,159354682,105428720,427535132,76020548209,19349280846,588115,109994836116,37431491256,1,4,1,1,6,3,6058,50985,27252,118,61,2283632565213
keda_p0_hpa15_d5000%10000,5740656211,51698299954,26900494230,86748919,182999908,107378049,239401231,70707386628,20164158791,297881,106662899416,39008306801,1,4,1,1,6,3,5738,51697,26899,118,61,2379849854519
keda_p0_hpa30_d0%0,375174,3688821,754244,88079931,161181629,108038210,1263272,11278778948,3427803830,401716,25973089392,6632792933,1,4,1,1,6,3,0,0,0,118,61,404931263022
keda_p0_hpa30_d0%0,343431,2534730,690356,86035789,157424355,112122919,1238936,21458814546,3569389608,463473,30974552027,6907246771,1,4,1,1,6,3,0,0,0,118,61,421653307162
keda_p0_hpa30_d100%150,104904410,816552654,450856615,91186163,175018237,113534181,15827169,10532711285,3217315603,490524,25849391446,6225298473,1,4,1,1,6,3,104,815,449,118,61,380096391843
keda_p0_hpa30_d100%150,111033254,820167856,450496131,81596347,271502234,113916215,7994824,9916955184,3096276723,338795,19945785627,5991125709,1,4,1,1,6,3,110,819,449,118,61,365804787182
keda_p0_hpa30_d3000%5000,3046632499,26580199492,14632892239,86358157,166008190,106790314,29335892,1791385820793,26089600077,503368,1807943555467,50470192486,1,4,1,1,6,3,3045,26579,14631,118,61,3079015488791
keda_p0_hpa30_d500%1000,627588577,5199768503,2728480709,89249502,178817769,111049187,77966519,19754950607,4688835805,447319,36240484740,9072314141,1,4,1,1,6,3,626,5198,2727,118,61,553737312861
keda_p0_hpa30_d5000%10000,6767932606,54324663554,26881287163,82125959,164598413,108382057,97708463,81429423516,20669471907,478975,110249799508,39985060999,1,4,1,1,6,3,6767,54323,26879,118,61,2439422564532
keda_p0_hpa30_d5000%10000,6132233039,48261212683,26784484404,84228236,162724704,108206885,292013253,74249708318,19028776676,472741,98010758499,36811586780,1,4,1,1,6,3,6131,48260,26783,118,61,2245853083767
keda_p0_hpa5_d0%0,328716,2263881,661008,82923646,183704193,104709866,916512,18909718908,2950507595,463511,23936376098,5709203179,1,4,1,1,6,3,0,0,0,118,61,348586970664
keda_p0_hpa5_d0%0,324200,1921090,662888,83649617,160331087,106901396,1605084,15612781841,3521592338,408502,23273918874,6813784678,1,4,1,1,6,3,0,0,0,118,61,415932259815
keda_p0_hpa5_d0%0,346519,2269423,678835,86065371,309371015,105466174,1586234,15725561793,3355472853,288881,22909769144,6493175256,1,4,1,1,6,3,0,0,0,118,61,396525517748
keda_p0_hpa5_d0%0,353506,2599605,704341,87095788,183930425,113727582,1962378,9398081812,2992988942,443411,21364556913,5791862161,1,4,1,1,6,3,0,0,0,118,61,353620148149
keda_p0_hpa5_d0%0,351067,2397257,693261,88427591,447849550,113781741,2451929,14044785699,2787354426,422981,19069634346,5394848641,1,4,1,1,6,3,0,0,0,118,61,329403181007
keda_p0_hpa5_d0%0,361146,3593629,737411,88887809,217658449,114122531,1475240,9482038492,3068678868,514606,19362604848,5937718676,1,4,1,1,6,3,0,0,0,118,61,362532277899
keda_p0_hpa5_d100%150,104979856,831341690,448036967,88964006,159298896,110423971,1018451,19763711615,3516544390,430101,35849964157,6805810782,1,4,1,1,6,3,104,830,446,118,61,415546826163
keda_p0_hpa5_d3000%5000,3897618616,24601979359,14253245376,85116252,256191224,108996837,61497248,377537268213,15728239290,322610,462755840250,30426875687,1,4,1,1,6,3,3896,24598,14251,118,61,1856340232952
keda_p0_hpa5_d3000%5000,3402014672,26256915577,14469485476,87187885,172787835,107778332,18255415,42144439179,10648728329,616527,84004081606,20601186841,1,4,1,1,6,3,3401,26255,14468,118,61,1257016050585
keda_p0_hpa5_d500%1000,799603662,4642179688,2684745200,90033009,252786166,113946666,12401593,14686933811,3989900213,571305,23660149356,7720952285,1,4,1,1,6,3,798,4641,2683,118,61,471299094338
keda_p0_hpa5_d500%1000,511828193,4818169209,2688135504,88830060,163572282,109746157,4491838,10749455115,3603069479,576386,18024881844,6971727481,1,4,1,1,6,3,511,4817,2686,118,61,425588089339
keda_p0_hpa5_d5000%10000,6258299197,50437094534,27243858777,87775736,159284967,108505498,261870575,66297673966,19819664631,474165,104601408254,38341260997,1,4,1,1,6,3,6257,50436,27242,118,61,2339198566941
keda_p0_hpa5_d5000%10000,5665241077,49615429868,26869481829,87486621,167125196,107050826,27359622,66344902773,18057403622,444407,79985816396,35228476342,1,4,1,1,6,3,5664,49614,26868,119,61,2149245418894
keda_p0_hpa5_d5000%10000,6082013169,47736349154,26774740634,86409621,145345881,107065025,52523277,69438813703,20099149492,350368,105650502308,38882062088,1,4,1,1,6,3,6080,47735,26773,118,61,2372575121485
keda_p0_hpa530_d0%0,364594,1940884,661106,80949513,191969843,112441985,1585795,8276111467,2989081591,354605,20710543316,5784087187,1,4,1,1,6,3,0,0,0,118,61,353302641245
keda_p0_hpa530_d0%0,346732,2167672,767711,89824487,164033033,109551063,9204216,8127980909,2968003213,496032,19361068732,5743182039,1,4,1,1,6,3,0,0,0,118,61,350672132512
keda_p0_hpa530_d0%0,362422,1768192,698575,84977415,348840008,114980990,961785,9968022020,2997714643,528128,21140430698,5801261998,1,4,1,1,6,3,0,0,0,118,61,354193194452
keda_p0_hpa530_d100%150,118772959,781970641,447575461,88312621,254321922,111987413,18126503,9264188596,3034744409,499003,20150944972,5872244619,1,4,1,1,6,3,118,781,446,118,61,358506041924
keda_p0_hpa530_d100%150,101096296,802340564,453543427,81188737,404981738,113545300,1303842,295696273968,6205986414,342888,304337468017,12009836196,1,4,1,1,6,3,100,801,452,118,61,732916624406
keda_p0_hpa530_d100%150,103492487,770516205,448643093,90223204,243709050,112394605,18259993,256426330619,5194042886,390383,264075226861,10050684418,1,4,1,1,6,3,102,769,447,118,61,613407167554
keda_p0_hpa530_d3000%5000,3359897324,25885887454,14072460977,85913253,156509875,107025212,202807681,233163790404,13083716858,423921,274213006969,25310934586,1,4,1,1,6,3,3358,25885,14071,118,61,1544308288306
keda_p0_hpa530_d500%1000,774972374,5025620505,2725309669,90191070,168153046,109543590,44606726,10755176048,3754924158,440445,20967481879,7268077134,1,4,1,1,6,3,774,5024,2724,118,61,443707983088
keda_p0_hpa530_d5000%10000,5279170470,47447991453,27198576815,85922406,162836910,106460015,338456002,75699741054,21034003642,328950,107740569470,40690564366,1,4,1,1,6,3,5278,47447,27197,118,61,2482445418521
keda_p0_hpa530_d5000%10000,7485292238,50729017736,26766374174,87371305,163683891,108863351,139672012,75780493823,19356689192,390258,104964216423,37446091793,1,4,1,1,6,3,7484,50728,26765,118,61,2284533973088
keda_p1_hpa15_d0%0,355881,2977606,698644,89629079,502304418,113539330,8599122,14683091235,3265910524,401715,24124498394,6319083935,1,4,1,1,6,3,0,0,0,118,61,386003296850
keda_p1_hpa15_d0%0,360956,3621720,727429,91230069,208530997,111647182,2519668,241907677931,5201128734,324310,249689129927,10062614068,1,4,1,1,6,3,0,0,0,118,61,614126091141
keda_p1_hpa15_d0%0,362754,3609178,704116,88905956,292342637,112210824,2938888,17504398180,3859711953,374322,24314190682,7467987044,1,4,1,1,6,3,0,0,0,118,61,456070030788
keda_p1_hpa15_d100%150,100754271,783608658,444188379,88215603,209391204,112147958,3164467,257864760816,6024379319,527340,262357241232,11655359744,1,4,1,1,6,3,100,782,442,118,61,711318443447
keda_p1_hpa15_d100%150,109157687,830865933,447581557,89450030,220936597,112299743,3569355,274067903547,5596971389,437561,276746029411,10828474078,1,4,1,1,6,3,108,828,446,118,61,660894103873
keda_p1_hpa15_d100%150,108754850,788178903,449629713,87934486,258784220,111483742,13970481,20181938591,3310846080,387610,33950999203,6406172906,1,4,1,1,6,3,108,787,448,118,61,391092223011
keda_p1_hpa15_d3000%5000,3017757592,26983908116,14401079409,87849546,209082999,107299445,46082281,38997553756,11212485997,417241,72333979385,21691112932,1,4,1,1,6,3,3017,26983,14399,118,61,1323491958543
keda_p1_hpa15_d500%1000,759244424,5077427471,2708728786,90960932,174665626,110020606,52197587,11339574500,3696962264,374290,20520927440,7153638939,1,4,1,1,6,3,758,5076,2707,118,61,436682980596
keda_p1_hpa15_d5000%10000,5923430199,52079103180,26654429627,87726703,180411140,108363575,66322981,68042200614,18714574135,425667,102787890849,36203681935,1,4,1,1,6,3,5919,52078,26653,118,61,2208766765566
keda_p1_hpa15_d5000%10000,6455278332,46589430233,27114502118,88173930,216073760,109956208,230531947,73094697601,18690681441,400006,99891899334,36157433332,1,4,1,1,6,3,6454,46588,27113,118,61,2205960121933
keda_p1_hpa15_d5000%10000,5792481659,52536167903,27016453852,86262842,177964475,109714973,251240552,1806446860161,35574132402,542612,1830453312473,68817172691,1,4,1,1,6,3,5791,52535,27015,118,61,4198193257235
keda_p1_hpa30_d0%0,370740,2804896,677129,89004104,1436185985,123724476,1708733,18383936229,3436832289,484174,31435019299,6649826185,1,4,1,1,6,3,0,0,0,118,61,405949569192
keda_p1_hpa30_d0%0,338644,2101709,677473,87797418,175484548,109917954,1432982,218771461294,5030062010,489372,240866366657,9731840398,1,4,1,1,6,3,0,0,0,118,61,593952573020
keda_p1_hpa30_d0%0,345909,1706504,682863,90463276,172575492,113855727,883222,17206843594,3876495318,445357,29506247132,7500889040,1,4,1,1,6,3,0,0,0,118,61,457876705111
keda_p1_hpa30_d100%150,115731590,820052920,452019536,89023319,254813908,114335381,3808404,20900325354,3422445158,385578,32293551460,6623169786,1,4,1,1,6,3,114,819,450,118,61,404423043742
keda_p1_hpa30_d100%150,101060060,814507848,450836358,89867539,157479012,108856481,23516042,20467064216,3889054903,357358,32496819844,7526800752,1,4,1,1,6,3,100,813,449,118,61,459477952146
keda_p1_hpa30_d100%150,105440216,787072774,449926129,87778781,194072593,110742654,2883616,8796399063,2884469501,396123,19311726154,5581715174,1,4,1,1,6,3,104,785,448,118,61,340777258440
keda_p1_hpa30_d3000%5000,4407410965,27406990409,14387609865,90808227,161630325,108523366,126726812,42010231290,11525674966,512276,71311458453,22297024019,1,4,1,1,6,3,4406,27406,14386,118,61,1360445187832
keda_p1_hpa30_d500%1000,623128014,5154904097,2693779589,82371947,594003974,117655674,1532312,21215942178,4577223769,494826,35950554695,8855914448,1,4,1,1,6,3,622,5154,2692,118,61,540551888186
keda_p1_hpa30_d500%1000,525939314,4816056338,2695909739,87078624,518731921,110463142,60768702,17244254675,3800082152,504636,32180649993,7352614003,1,4,1,1,6,3,525,4815,2694,118,61,448967712061
keda_p1_hpa30_d5000%10000,5583321109,49776104202,26769175044,85628673,404640624,111782705,153474876,74743436097,19847469307,378627,97324627738,38395087752,1,4,1,1,6,3,5582,49775,26767,118,61,2342445173158
keda_p1_hpa30_d5000%10000,7178322822,50154090146,26791362704,83256817,221324009,110459938,328555437,74780916716,17795933309,426150,87826303590,34426579064,1,4,1,1,6,3,7177,50152,26789,118,61,2100348402894
keda_p1_hpa5_d0%0,378302,2338486,658485,91848601,175660525,111131830,1110994,13115134878,3203265592,412843,21835585356,6198180060,1,4,1,1,6,3,0,0,0,118,61,378378707073
keda_p1_hpa5_d0%0,361523,2913590,686480,89348604,178150834,112483725,1486136,12862495485,3217980540,402697,22784290759,6226549693,1,4,1,1,6,3,0,0,0,118,61,380153639558
keda_p1_hpa5_d0%0,332653,2709617,717875,91027724,167742698,111697278,1346184,19684888456,3057122304,272013,32249713464,5915259566,1,4,1,1,6,3,0,0,0,118,61,361157396229
keda_p1_hpa5_d100%150,101698026,802925424,454434625,87452974,550004769,116044555,7797886,19798389126,3673501295,421495,33117976313,7109885279,1,4,1,1,6,3,101,802,453,118,61,434181957747
keda_p1_hpa5_d100%150,107640069,817903553,451788962,87074872,192054437,109151371,17098475,21534319354,3049305537,401154,29596503665,5900385248,1,4,1,1,6,3,107,817,450,118,61,360237180832
keda_p1_hpa5_d3000%5000,3944819467,25415277916,14347831128,82175061,172365903,107878434,336132017,30799987642,11915498625,376649,63506891850,23051510239,1,4,1,1,6,3,3944,25414,14346,118,61,1406467716793
keda_p1_hpa5_d3000%5000,3021468499,26552172486,14394585825,86032224,370457924,111848455,3067135,35049143667,11302625445,363847,54579861974,21866027942,1,4,1,1,6,3,3020,26551,14393,118,61,1334161594965
keda_p1_hpa5_d500%1000,638259619,5119885462,2695846460,86494017,418205792,111813205,25109480,19051597020,4730719911,577142,28249320637,9152716577,1,4,1,1,6,3,637,5119,2694,118,61,558636206519
keda_p1_hpa5_d5000%10000,5385843090,50279257166,26925054940,86378944,338946098,109747579,228030047,292171272870,22298300388,411550,317912486536,43139407476,1,4,1,1,6,3,5385,50278,26923,118,61,2631811780779
keda_p1_hpa5_d5000%10000,5872151352,50535110974,27296285807,87600978,369314875,111260261,16804920,82025448546,19358570270,501932,82026453299,37449347300,1,4,1,1,6,3,5871,50534,27294,118,61,2284721418521
keda_p1_hpa5_d5000%10000,6665045566,51652060979,26887189419,88565816,6102752802,167745536,1621891,66820187431,16884474234,538664,84362645662,32663257980,1,4,1,1,6,3,6664,51651,26885,118,61,1992799706735
keda_p1_hpa530_d0%0,374385,3633774,688962,89275836,176126011,110942257,1393694,13852984815,3477255434,346156,28855642737,6728405014,1,4,1,1,6,3,0,0,0,118,61,410766360052
keda_p1_hpa530_d0%0,359005,2219542,691925,92888350,194305937,113354490,1530116,20735899836,3403461986,396185,28580951834,6585414941,1,4,1,1,6,3,0,0,0,118,61,402006308080
keda_p1_hpa530_d0%0,355548,4605089,741904,91962029,197276708,111633253,1266210,15142390087,3349381553,485530,24059085470,6481003031,1,4,1,1,6,3,0,0,0,118,61,395691546750
keda_p1_hpa530_d100%150,117706709,769441258,447569311,85433058,248475496,110594155,29575510,18837484921,3773063153,562866,36920014286,7300331098,1,4,1,1,6,3,116,768,446,118,61,445640108210
keda_p1_hpa530_d100%150,102882120,796773863,444376159,88621867,161939412,110385230,5306178,179960366264,5230745468,426857,186304819497,10120128035,1,4,1,1,6,3,102,795,443,118,61,617639170385
keda_p1_hpa530_d3000%5000,3082315765,26714665170,14388160616,83338397,943875904,117406213,37384076,26725794306,11214247353,512854,65539399477,21694714526,1,4,1,1,6,3,3081,26713,14386,118,61,1323703761223
keda_p1_hpa530_d500%1000,656913874,4999296322,2705111977,85142153,341537194,112244719,50730992,22373746585,4648493363,425402,29687207276,8994662300,1,4,1,1,6,3,656,4998,2703,118,61,549112937134
keda_p1_hpa530_d500%1000,545174014,4995601200,2678302672,85434984,163945731,109695145,995016,13237944273,3761408924,540975,22541655692,7278012556,1,4,1,1,6,3,544,4994,2676,118,61,444308712392
keda_p1_hpa530_d5000%10000,5115084465,50278257905,27023430381,87714100,175972959,107626641,113122854,57567046074,19160770648,387910,97496787731,37066478985,1,4,1,1,6,3,5114,50277,27022,118,61,2261401270305
keda_p1_hpa530_d5000%10000,5474322601,51037125691,26811021768,87513673,175327390,107450598,258426718,71231808954,17949024249,444269,108302269995,34722550231,1,4,1,1,6,3,5473,51036,26809,118,61,2118422110365


fixed_p4_d3000%5000,3511977836,25029243423,14294078339,87237755,342881751,109037524,5222451,1782382547764,24338030314,484351,1823500624302,47081778479,1,4,1,1,6,3,3511,25028,14292,118,61,2872325735402
fixed_p2_d3000%5000,3602936436,25566098641,14385850251,86495176,188493104,105835585,447438525,28906458615,15463095914,392523,73486726306,29913778537,1,4,1,1,6,3,3602,25565,14384,118,61,1825079661447
fixed_p1_jvm_d0%0,16121979,28564513,21342239,3083199641,3832617284,3360492773,320974842,29023484311,17910049945,455439,90778130652,34647397701,1,4,1,1,6,3,0,0,0,118,61,2113781350451
fixed_p1_jvm_d0%0,16342534,32216680,21385511,3052319550,3719619766,3380302141,268956450,39114849826,17867141262,498398,84518062137,34564444701,1,4,1,1,6,3,0,0,0,118,61,2108718951259
fixed_p1_jvm_d0%0,17087416,32075932,21355049,2922815154,3891259509,3369926387,279419125,28006981941,18047104274,512401,90365412335,34912889849,1,4,1,1,6,3,0,0,0,118,61,2129990931794